Unit: %
Maximum: 100
Data Series: Guest Load
17 17 15 16 17 17 20 18 17 17 16 15 15 16 16 16 15 16 16 15 16 16 18 17 16 16 19 17 18 17 15 15 23 18 16 16 
Data Series: VMM Load
34 35 32 33 34 36 38 37 35 35 32 32 32 33 32 33 33 33 33 32 34 32 35 35 33 33 38 35 35 35 34 34 36 37 35 33 

Unit: 
Maximum: 0

Unit: B
Maximum: 995328
Data Series: Write Rate
0 0 32768 0 0 66048 0 32768 0 0 4096 0 0 0 0 28672 0 0 0 200704 28672 995328 0 0 0 8192 0 0 0 94208 0 0 0 0 28672 
Data Series: Read Rate
0 0 0 0 0 0 0 0 0 0 0 0 0 0 0 0 0 0 0 0 0 0 0 0 0 0 0 0 0 0 0 0 0 0 0 

Unit: B
Maximum: 293
Data Series: Receive Rate
0 0 0 0 0 0 0 0 0 0 0 0 0 0 0 0 0 0 0 0 0 0 0 0 0 0 0 0 0 293 0 0 0 0 0 
Data Series: Transmit Rate
0 0 0 0 0 0 0 0 0 0 0 0 0 0 0 0 0 0 0 0 0 0 0 0 0 0 0 0 0 209 0 0 0 0 0 

Unit: times
Maximum: 52954
Data Series: 
14109 14776 11818 14521 13903 14594 14876 52954 5685 15056 16426 13806 16523 15604 14837 13454 16433 16932 14892 13390 16097 12977 12164 15528 8071 10145 13343 11154 12415 45953 3693 8612 10634 16502 16113 

